  0.0000   0    0.000000    3.000000
  0.1250   0    0.374085    2.976591
  0.2500   0    0.742332    2.906730
  0.3750   0    1.098994    2.791506
  0.5000   0    1.438506    2.632718
  0.6250   0    1.755568    2.432845
  0.7500   0    2.045233    2.195004
  0.8750   0    2.302980    1.922909
  1.0000   0    2.524787    1.620804
  1.1250   0    2.707192    1.293406
  1.2500   0    2.847350    0.945822
  1.3750   0    2.943071    0.583478
  1.5000   0    2.992863    0.212029
  1.6250   0    2.995949   -0.162729
  1.7500   0    2.952280   -0.534948
  1.8750   0    2.862538   -0.898819
  2.0000   0    2.728124   -1.248663
  2.1250   0    2.551134   -1.579020
  2.2500   0    2.334332   -1.884735
  2.3750   0    2.081100   -2.161037
  2.5000   0    1.795391   -2.403613
  2.6250   0    1.481663   -2.608680
  2.7500   0    1.144812   -2.773035
  2.8750   0    0.790096   -2.894115
  3.0000   0    0.423049   -2.970029
  3.1250   0    0.049400   -2.999593
  3.2500   0   -0.325020   -2.982346
  3.3750   0   -0.694367   -2.918557
  3.5000   0   -1.052878   -2.809220
  3.6250   0   -1.394958   -2.656043
  3.7500   0   -1.715269   -2.461416
  3.8750   0   -2.008811   -2.228377
  4.0000   0   -2.271004   -1.960561
  4.1250   0   -2.497756   -1.662149
  4.2500   0   -2.685527   -1.337798
  4.3750   0   -2.831389   -0.992569
  4.5000   0   -2.933064   -0.631850
  4.6250   0   -2.988966   -0.261271
  4.7500   0   -2.998223    0.113386
  4.8750   0   -2.960689    0.486273
  5.0000   0   -2.876951    0.851572
  5.1250   0   -2.748315    1.203581
  5.2500   0   -2.576790    1.536807
  5.3750   0   -2.365051    1.846050
  5.5000   0   -2.116403    2.126483
  5.6250   0   -1.834727    2.373731
  5.7500   0   -1.524419    2.583934
  5.8750   0   -1.190320    2.753813
  6.0000   0   -0.837645    2.880715
  6.1250   0   -0.471898    2.962662
  6.2500   0   -0.098787    2.998373
  6.3750   0    0.275866    2.987293
  6.5000   0    0.646214    2.929592
  6.6250   0    1.006477    2.826173
  6.7500   0    1.351033    2.678648
  6.8750   0    1.674505    2.489321
  7.0000   0    1.971845    2.261145
  7.1250   0    2.238412    1.997682
  7.2500   0    2.470047    1.703044
  7.3750   0    2.663134    1.381828
  7.5000   0    2.814661    1.039047
  7.6250   0    2.922262    0.680051
  7.7500   0    2.984259    0.310442
  7.8750   0    2.999683   -0.064012
  8.0000   0    2.968295   -0.437466
