  0.0000   0    2.000000    0.000000
  0.1250   0    1.984394   -0.249329
  0.2500   0    1.937820   -0.494767
  0.3750   0    1.861004   -0.732484
  0.5000   0    1.755146   -0.958770
  0.6250   0    1.621896   -1.170093
  0.7500   0    1.463336   -1.363156
  0.8750   0    1.281939   -1.534945
  1.0000   0    1.080536   -1.682780
  1.1250   0    0.862270   -1.804354
  1.2500   0    0.630548   -1.897770
  1.3750   0    0.388986   -1.961568
  1.5000   0    0.141353   -1.994755
  1.6250   0   -0.108486   -1.996812
  1.7500   0   -0.356632   -1.967706
  1.8750   0   -0.599213   -1.907893
  2.0000   0   -0.832442   -1.818305
  2.1250   0   -1.052680   -1.700341
  2.2500   0   -1.256490   -1.555841
  2.3750   0   -1.440691   -1.387061
  2.5000   0   -1.602409   -1.196635
  2.6250   0   -1.739120   -0.987534
  2.7500   0   -1.848690   -0.763022
  2.8750   0   -1.929410   -0.526602
  3.0000   0   -1.980019   -0.281964
  3.1250   0   -1.999729   -0.032925
  3.2500   0   -1.988231    0.216627
  3.3750   0   -1.945704    0.462798
  3.5000   0   -1.872813    0.701748
  3.6250   0   -1.770696    0.929745
  3.7500   0   -1.640944    1.143233
  3.8750   0   -1.485585    1.338880
  4.0000   0   -1.307041    1.513633
  4.1250   0   -1.108100    1.664764
  4.2500   0   -0.891865    1.789914
  4.3750   0   -0.661713    1.887132
  4.5000   0   -0.421234    1.954899
  4.6250   0   -0.174181    1.992158
  4.7500   0    0.075591    1.998327
  4.8750   0    0.324182    1.973311
  5.0000   0    0.567715    1.917499
  5.1250   0    0.802387    1.831763
  5.2500   0    1.024538    1.717440
  5.3750   0    1.230700    1.576316
  5.5000   0    1.417655    1.410591
  5.6250   0    1.582487    1.222853
  5.7500   0    1.722623    1.016031
  5.8750   0    1.835875    0.793353
  6.0000   0    1.920477    0.558294
  6.1250   0    1.975108    0.314522
  6.2500   0    1.998916    0.065842
  6.3750   0    1.991528   -0.183866
  6.5000   0    1.953061   -0.430704
  6.6250   0    1.884115   -0.670821
  6.7500   0    1.785765   -0.900469
  6.8750   0    1.659547   -1.116064
  7.0000   0    1.507430   -1.314242
  7.1250   0    1.331788   -1.491910
  7.2500   0    1.135363   -1.646296
  7.3750   0    0.921219   -1.774989
  7.5000   0    0.692698   -1.875982
  7.6250   0    0.453367   -1.947699
  7.7500   0    0.206961   -1.989020
  7.8750   0   -0.042674   -1.999301
  8.0000   0   -0.291644   -1.978380
