  0.0000   0    1.000000    0.000000
  0.1250   0    0.993430   -0.105031
  0.2500   0    0.973777   -0.209162
  0.3750   0    0.941212   -0.311447
  0.5000   0    0.896028   -0.410857
  0.6250   0    0.838654   -0.506244
  0.7500   0    0.769673   -0.596332
  0.8750   0    0.689833   -0.679718
  1.0000   0    0.600064   -0.754908
  1.1250   0    0.501486   -0.820365
  1.2500   0    0.395412   -0.874592
  1.3750   0    0.283331   -0.916227
  1.5000   0    0.166891   -0.944144
  1.6250   0    0.047862   -0.957548
  1.7500   0   -0.071913   -0.956044
  1.8750   0   -0.190568   -0.939677
  2.0000   0   -0.306270   -0.908926
  2.1250   0   -0.417271   -0.864660
  2.2500   0   -0.521952   -0.808060
  2.3750   0   -0.618858   -0.740523
  2.5000   0   -0.706715   -0.663563
  2.6250   0   -0.784441   -0.578711
  2.7500   0   -0.851143   -0.487449
  2.8750   0   -0.906107   -0.391155
  3.0000   0   -0.948784   -0.291079
  3.1250   0   -0.978773   -0.188343
  3.2500   0   -0.995805   -0.083957
  3.3750   0   -0.999734    0.021145
  3.5000   0   -0.990526    0.126068
  3.6250   0   -0.968260    0.229906
  3.7500   0   -0.933129    0.331700
  3.8750   0   -0.885455    0.430397
  4.0000   0   -0.825697    0.524825
  4.1250   0   -0.754466    0.613682
  4.2500   0   -0.672549    0.695543
  4.3750   0   -0.580913    0.768899
  4.5000   0   -0.480717    0.832216
  4.6250   0   -0.373309    0.884014
  4.7500   0   -0.260215    0.922973
  4.8750   0   -0.143110    0.948024
  5.0000   0   -0.023781    0.958448
  5.1250   0    0.095918    0.953938
  5.2500   0    0.214124    0.934627
  5.3750   0    0.329018    0.901078
  5.5000   0    0.438874    0.854229
  5.6250   0    0.542104    0.795312
  5.7500   0    0.637286    0.725758
  5.8750   0    0.723187    0.647088
  6.0000   0    0.798762    0.560832
  6.1250   0    0.863156    0.468451
  6.2500   0    0.915689    0.371301
  6.3750   0    0.955843    0.270604
  6.5000   0    0.983244    0.167458
  6.6250   0    0.997650    0.062855
  6.7500   0    0.998937   -0.042283
  6.8750   0    0.987094   -0.147062
  7.0000   0    0.962221   -0.250568
  7.1250   0    0.924539   -0.351827
  7.2500   0    0.874394   -0.449765
  7.3750   0    0.812274   -0.543182
  7.5000   0    0.738827   -0.630749
  7.6250   0    0.654872   -0.711024
  7.7500   0    0.561415   -0.782484
  7.8750   0    0.459655   -0.843600
  8.0000   0    0.350976   -0.892917
