  0.0000   0    0.000000    3.000000
  0.1250   0    0.374091    2.976880
  0.2500   0    0.742540    2.911012
  0.3750   0    1.100542    2.811969
  0.5000   0    1.444757    2.693104
  0.6250   0    1.773609    2.568834
  0.7500   0    2.087276    2.452420
  0.8750   0    2.387448    2.354665
  1.0000   0    2.676984    2.283472
  1.1250   0    2.959557    2.243952
  1.2500   0    3.239315    2.238709
  1.3750   0    3.520590    2.268079
  1.5000   0    3.807616    2.330155
  1.6250   0    4.104242    2.420613
  1.7500   0    4.413608    2.532417
  1.8750   0    4.737796    2.655621
  2.0000   0    5.077469    2.777613
  2.1250   0    5.431594    2.884128
  2.2500   0    5.797346    2.961214
  2.3750   0    6.170310    2.997880
  2.5000   0    6.545012    2.988629
  2.6250   0    6.915717    2.934864
  2.7500   0    7.277291    2.844523
  2.8750   0    7.625905    2.730106
  3.0000   0    7.959440    2.605981
  3.1250   0    8.277563    2.485939
  3.2500   0    8.581543    2.381601
  3.3750   0    8.873925    2.301753
  3.5000   0    9.158173    2.252316
  3.6250   0    9.438325    2.236619
  3.7500   0    9.718688    2.255666
  3.8750   0   10.003555    2.308235
  4.0000   0   10.296921    2.390761
  4.1250   0   10.602178    2.497052
  4.2500   0   10.921763    2.618041
  4.3750   0   11.256802    2.741853
  4.5000   0   11.606793    2.854556
  4.6250   0   11.969445    2.941847
  4.7500   0   12.340779    2.991550
  4.8750   0   12.715566    2.996298
  5.0000   0   13.088058    2.955370
  5.1250   0   13.452854    2.874882
  5.2500   0   13.805674    2.766233
  5.3750   0   14.143863    2.643513
  5.5000   0   14.466560    2.520900
  5.6250   0   14.774580    2.410777
  5.7500   0   15.070124    2.322807
  5.8750   0   15.356416    2.263753
  6.0000   0   15.637354    2.237691
  6.1250   0   15.917196    2.246306
  6.2500   0   16.200268    2.289049
  6.3750   0   16.490685    2.363082
  6.5000   0   16.792055    2.463039
  6.6250   0   17.107142    2.580732
  6.7500   0   17.437503    2.705090
  6.8750   0   17.783151    2.822667
  7.0000   0   18.142339    2.919039
  7.1250   0   18.511564    2.981100
  7.2500   0   18.885909    2.999780
  7.3750   0   19.259693    2.972254
  7.5000   0   19.627320    2.902671
  7.6250   0   19.984105    2.801085
  7.7500   0   20.326870    2.681069
  7.8750   0   20.654217    2.557012
  8.0000   0   20.966480    2.441980
